
INSERT INTO payments_users (user_id,payment_id)
VALUES
  (53,2),
  (83,2),
  (24,4),
  (45,6),
  (66,1),
  (52,7),
  (8,7),
  (28,3),
  (8,1),
  (63,3),
  (13,7),
  (89,3),
  (45,7),
  (18,4),
  (97,7),
  (34,5),
  (89,6),
  (61,5),
  (2,2),
  (43,8),
  (78,8),
  (71,6),
  (51,2),
  (28,1),
  (36,8),
  (60,4),
  (15,4),
  (63,6),
  (80,3),
  (10,6),
  (11,5),
  (2,3),
  (69,2),
  (100,5),
  (47,7),
  (51,5),
  (99,4),
  (75,5),
  (80,4),
  (56,4),
  (51,3),
  (52,5),
  (47,6),
  (88,7),
  (49,4),
  (79,5),
  (100,7),
  (5,4),
  (25,7),
  (77,4);
INSERT INTO payments_users (user_id,payment_id)
VALUES
  (64,6),
  (31,8),
  (92,1),
  (76,3),
  (83,7),
  (66,7),
  (94,6),
  (3,3),
  (94,5),
  (77,3),
  (65,6),
  (67,6),
  (26,8),
  (57,2),
  (24,1),
  (79,8),
  (68,4),
  (96,5),
  (12,3),
  (70,2),
  (81,1),
  (19,3),
  (70,6),
  (88,1),
  (98,4),
  (72,6),
  (13,6),
  (8,4),
  (97,5),
  (31,7),
  (22,2),
  (36,2),
  (81,2),
  (82,3),
  (89,7),
  (61,4),
  (26,7),
  (36,3),
  (39,7),
  (17,3),
  (94,3),
  (74,3),
  (93,7),
  (84,5),
  (36,6),
  (62,3),
  (31,4),
  (90,7),
  (70,5),
  (80,1);
INSERT INTO payments_users (user_id,payment_id)
VALUES
  (48,3),
  (81,5),
  (32,2),
  (20,5),
  (48,4),
  (73,6),
  (55,7),
  (76,7),
  (53,6),
  (25,2),
  (98,7),
  (2,4),
  (27,6),
  (56,3),
  (57,7),
  (86,1),
  (68,2),
  (83,4),
  (75,6),
  (68,5),
  (22,5),
  (11,3),
  (5,3),
  (91,2),
  (16,5),
  (37,1),
  (97,6),
  (87,6),
  (21,5),
  (12,4),
  (73,2),
  (51,6),
  (27,5),
  (100,4),
  (92,6),
  (84,7),
  (100,2),
  (15,7),
  (25,6),
  (100,1),
  (54,7),
  (33,1),
  (21,6),
  (17,6),
  (77,2),
  (71,4),
  (50,4);
INSERT INTO payments_users (user_id,payment_id)
VALUES
  (14,5),
  (7,6),
  (23,2),
  (100,8),
  (62,4),
  (11,1),
  (36,7),
  (3,2),
  (9,6),
  (9,8),
  (77,7),
  (10,3),
  (71,1),
  (95,4),
  (74,4),
  (15,6),
  (18,5),
  (32,4),
  (88,2),
  (82,4),
  (41,6),
  (33,2),
  (85,5),
  (40,2),
  (66,3),
  (68,6),
  (5,1),
  (51,1),
  (75,4),
  (43,4),
  (59,8),
  (29,5),
  (60,7),
  (78,5),
  (19,8),
  (35,5),
  (53,7),
  (94,7),
  (100,3),
  (100,6);
